1 36.132698
101 3083.846733
201 5845.298885
301 5543.358962
401 8213.112345
501 8412.075583
601 6531.199007
701 10751.863665
801 12485.563904
901 15626.884301
1001 13815.957447
1101 14928.908280
1201 18659.326289
1301 19662.284226
1401 20484.001844
1501 22009.986409
1601 23285.917043
1701 22879.654054
1801 15575.821966
1901 23243.490601
2001 25304.731828
2101 26278.407778
2201 27480.819512
2301 26375.696142
2401 28113.680689
2501 27320.533843
2601 28033.232926
2701 27477.206018
2801 28779.881997
2901 28545.218912
3001 28041.451716
3101 28617.993346
3201 29276.996157
3301 22349.998212
3401 29723.178123
3501 29097.024552
3601 29127.914072
3701 28316.776779
3801 30665.606011
3901 19497.584012
4001 31163.813783
4101 12404.873190
4201 17502.190482
4301 21614.817217
4401 20546.439696
4501 9754.462657
4601 22753.351119
4701 22940.966277
4801 23148.383124
4901 23471.189695
5000 23167.588544
6000 25396.615766
7000 25821.679902
8000 27858.063168
9000 28924.968360
10000 29471.357524
11000 29845.533915
12000 29643.553348
13000 31105.373668
14000 32638.485393
15000 32560.752229
16000 32944.858543
17000 32661.767108
18000 33383.812664
19000 34001.785487
20000 35429.583702
21000 36450.157254
22000 38353.347401
23000 39507.138975
24000 39786.709113
25000 41318.045656
26000 42043.832449
27000 41743.161412
28000 41350.638606
29000 42353.788320
30000 42701.981097
31000 41000.564074
32000 42036.478318
33000 41101.633953
34000 40016.012810
35000 30977.338757
36000 40527.601764
37000 40534.792965
38000 40599.197684
39000 40766.855221
40000 41243.491262
41000 40872.169691
42000 43324.303825
43000 39877.094972
44000 40867.903316
45000 41141.799105
46000 40930.766079
47000 41618.993075
48000 41208.597495
49000 40630.017275
50000 38417.210910
51000 38637.483693
52000 39419.809693
53000 41330.576804
54000 41740.220400
55000 40797.674300
56000 40283.870968
57000 40220.456603
58000 41261.463868
59000 42376.934492
60000 43125.707814
61000 39831.771975
62000 43128.108312
63000 42663.535440
64000 42612.105712
65000 44129.559124
66000 41000.769349
67000 41708.146448
68000 41598.002497
69000 42427.729710
70000 43326.651135
71000 42550.891194
72000 43564.080209
73000 42259.296482
74000 41588.177135
75000 40972.008613
76000 40626.086957
77000 40511.121244
78000 39306.603774
79000 40912.014750
80000 40708.324852
81000 40615.197074
82000 39692.399404
83000 40608.320211
84000 41246.131628
85000 41434.196891
86000 40715.864528
87000 41335.126746
88000 41553.777408
89000 43172.503243
90000 42337.235790
91000 43277.964266
92000 45053.604645
93000 44652.472758
94000 44580.998102
95000 44486.979746
96000 40513.314735
97000 44792.647388
98000 46406.685237
99000 43644.696639
100000 42388.597467
101000 43052.744887
102000 42660.976260
103000 41370.600414
104000 43607.774623
105000 41962.533452
106000 42726.572529
107000 43892.615976
108000 43489.459062
109000 43353.886235
110000 42825.597599
111000 44079.201368
112000 43213.409029
113000 43831.505046
114000 42346.655359
115000 41626.355296
116000 42479.740853
117000 43003.227889
118000 42627.381906
119000 43244.646334
120000 42941.935484
121000 44914.503988
122000 44514.524672
123000 43940.167180
124000 44948.954351
125000 43442.845506
126000 43970.918705
127000 44115.346371
128000 45194.364285
129000 45001.014085
130000 46843.000411
131000 46366.835046
132000 46599.112771
133000 46212.647672
134000 45700.440025
135000 42882.438161
136000 44152.816940
137000 42964.191481
138000 43432.918546
139000 43101.705895
140000 44008.585108
141000 42606.914213
142000 44036.341611
143000 43291.515316
144000 46138.504155
145000 45701.196816
146000 42391.595033
147000 45366.766892
148000 45390.819635
149000 46663.160970
150000 46268.743125
151000 44138.205100
152000 45269.621474
153000 46614.953271
154000 46245.496148
155000 45331.516803
156000 45695.978031
157000 46094.402770
158000 46880.751174
159000 46711.654289
160000 44147.689587
161000 44679.684440
162000 45050.279330
163000 46220.780725
164000 43704.580320
165000 45111.662531
166000 44784.942020
167000 45298.406759
168000 43314.849981
169000 42983.080073
170000 43974.704427
171000 43613.494923
172000 45165.817770
173000 43378.992462
174000 44034.610085
175000 47121.346324
176000 45629.257717
177000 44030.433344
178000 43800.944743
179000 44860.543454
180000 44426.129086
181000 43902.889157
182000 45510.381018
183000 44319.361277
184000 43599.322367
185000 44446.916189
186000 46099.531819
187000 45777.548565
188000 45152.373400
189000 44180.188157
190000 44226.131209
191000 45029.977982
192000 45529.270934
193000 45196.202532
194000 44917.117117
195000 42575.692964
196000 42695.141484
197000 41534.166667
198000 41532.410779
199000 41877.174597
200000 40950.040950
201000 41457.947812
202000 41969.612534
203000 42239.796997
204000 42132.771338
205000 42515.602496
206000 43234.430050
207000 42649.853059
208000 41771.873856
209000 42015.350647
210000 42665.528464
211000 42957.675096
212000 44186.252772
213000 44164.146868
214000 43724.213526
215000 43939.877773
216000 45406.438403
217000 43706.420010
218000 41500.077934
219000 41166.177153
220000 42814.124203
221000 43711.628925
222000 45063.433888
223000 42657.557643
224000 42269.515549
225000 41703.193488
226000 40801.388747
227000 43291.975944
228000 42488.539063
229000 43645.265286
230000 42350.445482
231000 42262.361038
232000 42824.640481
233000 44534.553980
234000 43305.566115
235000 44277.064934
236000 45079.551884
237000 49639.695799
238000 45029.562475
239000 44126.325088
240000 44101.374855
241000 44160.000000
242000 43548.373007
243000 41214.126894
244000 41398.066327
245000 42610.966057
246000 41725.834247
247000 42972.708188
248000 42396.768020
249000 41675.819865
250000 40774.719674
100000 42819.675641
200000 42687.156502
300000 41562.777111
400000 41664.496641
500000 40594.712539
600000 40232.264580
700000 40285.728760
800000 39795.406679
900000 39829.016847
1000000 39292.730845
1100000 39007.092199
1200000 38016.129811
1300000 38348.454709
1400000 38111.905109
1500000 37422.037422
1600000 37925.925926
1700000 37069.411157
1800000 37334.357596
1900000 38311.279143
2000000 36769.775245
2100000 33943.866122
2200000 34263.970621
2300000 35189.654387
2400000 34752.703742
2500000 34820.457018
2600000 34732.170321
2700000 34121.725394
2800000 32819.098509
2900000 32436.878033
3000000 33681.256030
3100000 33413.329965
3200000 33172.080166
3300000 32127.210774
3400000 30041.022405
3500000 31137.058660
3600000 31170.128627
3700000 29940.865235
3800000 27778.168272
3900000 30478.671443
4000000 29897.228278
4100000 29379.711876
4200000 28013.794672
4300000 28576.822867
4400000 28597.806418
4500000 28353.560305
4600000 26700.526029
4700000 27439.246880
4800000 27408.993576
4900000 26677.555465
5000000 27496.133356
5100000 26348.078786
5200000 26461.234009
5300000 26496.319956
5400000 25174.010165
5500000 25536.854324
5600000 23241.034952
5700000 24665.314402
5800000 24768.958730
5900000 24505.954506
6000000 24325.351577
6100000 24541.882760
6200000 24597.074138
6300000 21510.883483
6400000 22808.413148
6500000 23252.100035
6600000 23555.654696
6700000 22627.627175
6800000 23232.970318
6900000 23282.718727
7000000 23074.432704
7100000 22501.414827
7200000 21583.812141
7300000 21944.574918
7400000 21794.753797
7500000 21567.863883
7600000 21264.317566
7700000 21555.419473
7800000 21562.473004
7900000 21742.495915
8000000 21860.412160
8100000 21742.534392
8200000 21422.739890
8300000 22009.225755
8400000 19666.949574
8500000 20501.688374
8600000 20236.484499
8700000 20433.927366
8800000 20207.239014
8900000 20036.583650
9000000 20352.781547
9100000 20351.681530
9200000 20209.231445
9300000 20486.837757
9400000 18560.568664
9500000 19952.743502
9600000 20226.494601
9700000 20683.956606
9800000 20330.368488
9900000 20303.527482
10000000 20084.858527
