101 8.684570
201 17.461914
301 25.923038
401 35.404651
501 45.570783
601 53.230692
701 58.006999
801 62.338175
901 49.034903
1001 44.877735
1101 85.069709
1201 87.403194
1301 87.604924
1401 74.298250
1501 71.042228
1601 70.433798
1701 71.978342
1801 74.238221
1901 83.261349
2001 91.543615
2101 94.209185
2201 84.012242
2301 106.159332
2401 109.093097
2501 112.603920
2601 118.406046
2701 115.545763
2801 122.444667
2901 61.284614
3001 131.441113
3101 151.085611
3201 120.123592
3301 168.924127
3401 158.850886
3501 140.544416
3601 159.855026
3701 145.017552
3801 102.258713
3901 187.077681
4001 196.537986
4101 206.848879
4201 147.082009
4301 218.685665
4401 235.675968
4501 241.373316
4601 235.689085
4701 240.439218
4801 235.871576
4901 239.324831
5000 233.609120
6000 180.720721
7000 370.056366
8000 201.673192
9000 383.078636
10000 268.797688
11000 358.201429
12000 255.302474
13000 433.246479
14000 1388.573419
15000 270.880888
16000 556.993898
17000 477.416739
18000 268.474965
19000 1796.558660
20000 869.473889
21000 534.408229
22000 646.748741
23000 559.597707
24000 536.896773
25000 600.697039
26000 704.368421
27000 561.517411
28000 598.683404
29000 511.772170
30000 694.278342
31000 733.290363
32000 886.950456
33000 597.333832
34000 629.469237
35000 678.115370
36000 898.633468
37000 744.104581
38000 745.691020
39000 1059.628701
40000 889.809277
41000 1138.094500
42000 646.955192
43000 916.131804
44000 2658.012667
45000 905.110908
46000 4306.406911
47000 1195.477258
48000 689.556437
49000 3610.932185
50000 1843.571100
51000 951.617367
52000 2031.158257
53000 1762.272159
54000 1118.200117
55000 1625.649285
56000 834.872750
57000 3021.344912
58000 1459.907191
59000 1680.603711
60000 878.403685
61000 1963.440076
62000 836.632437
63000 4335.194121
64000 1698.265296
65000 3924.974834
66000 1009.299537
67000 4044.609664
68000 1416.211896
69000 704.676736
70000 5534.089597
71000 693.811149
72000 5295.700353
73000 4253.918668
74000 1983.023912
75000 5325.947995
76000 1286.403254
77000 1796.643679
78000 5983.865528
79000 1236.070501
80000 5239.122567
81000 1353.558361
82000 4491.438641
83000 1668.335004
84000 5421.698138
85000 1252.903283
86000 6106.850158
87000 1708.066302
88000 1637.877311
89000 1403.266256
90000 4450.195828
91000 1204.275350
92000 2879.943518
93000 1570.373001
94000 5473.239507
95000 1165.037491
96000 5419.973032
97000 1355.231232
98000 5909.341769
99000 1325.024448
100000 5159.775368
101000 1174.259262
102000 6728.981139
103000 2053.854996
104000 3390.722472
105000 6249.920383
106000 1301.135455
107000 5158.591171
108000 5828.331511
109000 4147.796863
110000 2124.145103
111000 7070.348882
112000 4496.765782
113000 1521.712964
114000 5453.888166
115000 1279.922917
116000 7375.663917
117000 1161.304444
118000 2374.754411
119000 6511.287683
120000 1297.662667
121000 3953.909909
122000 4502.958534
123000 7732.110936
124000 1783.362981
125000 7715.773281
126000 980.694269
127000 7192.350662
128000 4120.511191
129000 806.621120
130000 784.239912
131000 606.159246
132000 4709.738410
133000 631.138550
134000 618.998839
135000 607.966944
136000 546.453690
137000 549.870653
138000 575.366521
139000 550.117837
140000 548.672621
141000 568.216365
142000 506.516561
143000 736.339047
144000 585.715516
145000 552.422104
146000 545.953251
147000 570.114980
148000 551.194181
149000 539.355133
150000 569.109658
151000 548.140311
152000 545.066679
153000 577.389241
154000 551.424287
155000 552.155861
156000 575.326609
157000 547.392568
158000 581.583208
159000 573.715966
160000 551.990862
161000 519.620309
162000 1699.069791
163000 587.110364
164000 552.127874
165000 599.970290
166000 551.357923
167000 548.177107
168000 4755.820568
169000 623.528040
170000 558.707686
171000 594.912507
172000 551.739472
173000 541.767309
174000 649.418596
175000 552.966283
176000 545.335394
177000 569.688842
178000 546.576729
179000 551.457091
180000 566.530379
181000 585.475863
182000 578.417599
183000 576.279631
184000 547.630763
185000 584.601551
186000 1434.637860
187000 560.754008
188000 579.916903
189000 597.593694
190000 553.899949
191000 5331.359339
192000 672.538532
193000 532.654093
194000 2241.514878
195000 648.517076
196000 555.880928
197000 5427.288687
198000 644.466054
199000 549.873687
200000 554.115061
201000 5293.842580
202000 754.559965
203000 589.783275
204000 562.568520
205000 5327.933822
206000 602.265990
207000 900.092029
208000 629.295809
209000 609.533682
210000 615.586802
211000 3656.741005
212000 1128.739486
213000 562.625766
214000 659.132073
215000 1019.531836
216000 4044.395071
217000 585.017054
218000 590.720189
219000 5598.198016
220000 605.652135
221000 1043.694067
222000 599.983454
223000 3401.758380
224000 764.307118
225000 1338.087741
226000 568.996462
227000 5717.989668
228000 621.550682
229000 2042.384276
230000 578.280675
231000 5863.439790
232000 687.110661
233000 639.254993
234000 1113.472800
235000 668.016728
236000 2196.373016
237000 697.523476
238000 1060.910034
239000 3947.891727
240000 616.051724
241000 1388.268680
242000 2621.374682
243000 696.666212
244000 1261.801803
245000 637.164658
246000 3145.394371
247000 883.213542
248000 800.694951
249000 1024.832378
250000 1462.526860
100000 4652.886697
200000 855.682229
300000 625.650461
400000 6928.553848
500000 862.152275
600000 1037.640277
700000 4301.678260
800000 7887.564761
900000 654.168151
1000000 8443.618172
1100000 1071.887178
1200000 8430.826391
1300000 1536.064005
1400000 8581.539395
1500000 1096.349209
1600000 8591.841426
1700000 1318.297642
1800000 8586.644105
1900000 1277.632034
2000000 8364.643297
2100000 1165.718825
2200000 8726.887586
2300000 1219.775923
2400000 8805.613417
2500000 1263.567225
2600000 8729.872684
2700000 1119.088583
2800000 8934.684265
2900000 1249.359263
3000000 3239.095562
3100000 8541.441248
3200000 8591.538346
3300000 1386.633593
3400000 8739.830769
3500000 1221.982121
3600000 8497.068173
3700000 1342.000951
3800000 8563.032111
3900000 1217.691719
4000000 8585.950711
4100000 1161.718481
4200000 8580.936125
4300000 1261.716072
4400000 8582.943394
4500000 1213.688604
4600000 8409.494625
4700000 1086.551480
4800000 8561.396603
4900000 1207.438037
5000000 8444.956975
5100000 1104.975410
5200000 7260.060322
5300000 2332.248586
5400000 8409.350199
5500000 1251.249132
5600000 8644.667688
5700000 1045.997207
5800000 8515.095709
5900000 1207.070309
6000000 8368.536588
6100000 1223.783728
6200000 8611.847577
6300000 1128.557473
6400000 8318.352274
6500000 1090.429080
6600000 8478.810059
6700000 1135.228716
6800000 8234.810798
6900000 1224.186024
7000000 8583.510623
7100000 1186.737158
7200000 8575.629172
7300000 1140.936857
7400000 7941.665720
7500000 1122.714949
7600000 8654.163669
7700000 1200.097201
7800000 8406.008257
7900000 1226.227391
8000000 8515.047587
8100000 1146.152232
8200000 8687.483019
8300000 1258.997016
8400000 8356.252392
8500000 1036.283845
8600000 8426.355132
8700000 8204.986070
8800000 8310.227446
8900000 1260.884514
9000000 8392.267961
9100000 1390.982104
9200000 8458.297012
9300000 2222.056040
9400000 8509.758903
9500000 1106.569717
9600000 8548.446133
9700000 1055.404508
9800000 8460.653051
9900000 8483.685261
10000000 1308.662945
